0000000000000000
0000000000000064
0000000000000014
000000000000001e
0000000000000078
0000000000000096
000000000000010e
0000000000000014
0000000000000032
000000000000001e
000000000000000a
000000000000010e
0000000000000140
000000000000014a
0000000000000000
0000000000000000
0000000000000000
0000000000000000
0000000000000000
0000000000000000
0000000000000000
0000000000000000
0000000000000000
0000000000000000
0000000000000000
0000000000000000
0000000000000000
0000000000000000
0000000000000000
0000000000000000
0000000000000000
0000000000000000
500
